4.5781566490969837e+17 0.0
4.34765045350183e+17 0.025252525252525252
4.133943318017124e+17 0.050505050505050504
3.9354500348482323e+17 0.07575757575757576
3.7507674918061766e+17 0.10101010101010101
3.578650185817501e+17 0.12626262626262627
3.4179894882165965e+17 0.15151515151515152
3.2677960196283814e+17 0.17676767676767677
3.127184613221768e+17 0.20202020202020202
2.9953614413024154e+17 0.22727272727272727
2.8716129570871098e+17 0.25252525252525254
2.7552963652416784e+17 0.2777777777777778
2.6458313845820294e+17 0.30303030303030304
2.542693106716748e+17 0.3282828282828283
2.4454057872791338e+17 0.35353535353535354
2.3535374332641728e+17 0.3787878787878788
2.266695072034672e+17 0.40404040404040403
2.184520605724368e+17 0.4292929292929293
2.106687169783657e+17 0.45454545454545453
2.0328959268745965e+17 0.4797979797979798
1.9628732376964333e+17 0.5050505050505051
1.8963681589889965e+17 0.5303030303030303
1.8331502262230022e+17 0.5555555555555556
1.7730074845900528e+17 0.5808080808080808
1.7157447370505043e+17 0.6060606060606061
1.6611819825474736e+17 0.6313131313131313
1.6091530211829917e+17 0.6565656565656566
1.559504206286989e+17 0.6818181818181818
1.5120933259812352e+17 0.7070707070707071
1.4667885991227037e+17 0.7323232323232323
1.4234677724655026e+17 0.7575757575757576
1.3820173075585267e+17 0.7828282828282828
1.3423316473397245e+17 0.8080808080808081
1.3043125536328682e+17 0.8333333333333334
1.2678685078286118e+17 0.8585858585858586
1.2329141679632814e+17 0.8838383838383839
1.1993698762173547e+17 0.9090909090909091
1.1671612115584848e+17 0.9343434343434344
1.1362185828662766e+17 0.9595959595959596
1.1064768584104451e+17 0.9848484848484849
1.077875028021247e+17 1.0101010101010102
1.0503558947003534e+17 1.0353535353535352
1.023865792779428e+17 1.0606060606060606
9.98354330049276e+16 1.0858585858585859
9.73774151560255e+16 1.1111111111111112
9.500807230396069e+16 1.1363636363636362
9.272321320876891e+16 1.1616161616161615
9.051889055064261e+16 1.1868686868686869
8.839138412827478e+16 1.2121212121212122
8.6337185390012e+16 1.2373737373737375
8.435298317847902e+16 1.2626262626262625
8.243565058121384e+16 1.2878787878787878
8.058223279043344e+16 1.3131313131313131
7.878993588448269e+16 1.3383838383838385
7.705611645194731e+16 1.3636363636363635
7.537827198694451e+16 1.3888888888888888
7.37540319908499e+16 1.4141414141414141
7.218114972176486e+16 1.4393939393939394
7.065749453845396e+16 1.4646464646464645
6.918104479035596e+16 1.4898989898989898
6.774988120965541e+16 1.5151515151515151
6.636218076535017e+16 1.5404040404040404
6.501621094280731e+16 1.5656565656565655
6.3710324415511224e+16 1.5909090909090908
6.244295407860813e+16 1.6161616161616161
6.12126084164731e+16 1.6414141414141414
6.001786717889972e+16 1.6666666666666667
5.8857377342662776e+16 1.6919191919191918
5.7729849337154936e+16 1.7171717171717171
5.663405351456826e+16 1.7424242424242424
5.5568816846700056e+16 1.7676767676767677
5.453301983192512e+16 1.7929292929292928
5.352559359720768e+16 1.8181818181818181
5.254551718123941e+16 1.8434343434343434
5.159181498589508e+16 1.8686868686868687
5.066355438420741e+16 1.8939393939393938
4.9759843473983176e+16 1.9191919191919191
4.887982896702589e+16 1.9444444444444444
4.8022694204700184e+16 1.9696969696969697
4.71876572912789e+16 1.9949494949494948
4.637396933716002e+16 2.0202020202020203
4.558091280463296e+16 2.0454545454545454
4.480779994941754e+16 2.0707070707070705
4.405397135169817e+16 2.095959595959596
4.3318794530834616e+16 2.121212121212121
4.2601662638351976e+16 2.1464646464646466
4.190199322420156e+16 2.1717171717171717
4.121922707164066e+16 2.196969696969697
4.0552827096409336e+16 2.2222222222222223
3.99022773061856e+16 2.2474747474747474
3.92670818165803e+16 2.2727272727272725
3.864676392019209e+16 2.297979797979798
3.804086520548127e+16 2.323232323232323
3.744894472244256e+16 2.3484848484848486
3.6870578192260616e+16 2.3737373737373737
3.630535725832157e+16 2.398989898989899
3.5752888776128612e+16 2.4242424242424243
3.5212794139832e+16 2.4494949494949494
3.468470864323407e+16 2.474747474747475
3.4168280873269504e+16 2.5
