4.584959259273948e+17 0.0
4.418295205914499e+17 0.025252525252525252
4.258982070825482e+17 0.050505050505050504
4.1066027005768096e+17 0.07575757575757576
3.9607762604324794e+17 0.10101010101010101
3.821153602573922e+17 0.12626262626262627
3.6874133136967526e+17 0.15151515151515152
3.5592583404492384e+17 0.17676767676767677
3.4364131068410995e+17 0.20202020202020202
3.318621050706076e+17 0.22727272727272727
3.205642517106237e+17 0.25252525252525254
3.0972529556462163e+17 0.2777777777777778
2.99324137634865e+17 0.30303030303030304
2.893409025281432e+17 0.3282828282828283
2.797568246720192e+17 0.35353535353535354
2.7055415034305632e+17 0.3787878787878788
2.6171605307874925e+17 0.40404040404040403
2.5322656040118275e+17 0.4292929292929293
2.4507049008786333e+17 0.45454545454545453
2.3723339449035117e+17 0.4797979797979798
2.297015116298928e+17 0.5050505050505051
2.2246172199595498e+17 0.5303030303030303
2.155015101424896e+17 0.5555555555555556
2.0880893032148054e+17 0.5808080808080808
2.0237257551693366e+17 0.6060606060606061
1.9618154934772733e+17 0.6313131313131313
1.9022544039704544e+17 0.6565656565656566
1.8449429860160742e+17 0.6818181818181818
1.7897861339748125e+17 0.7070707070707071
1.7366929337257437e+17 0.7323232323232323
1.6855764722041018e+17 0.7575757575757576
1.6363536582680592e+17 0.7828282828282828
1.588945053516856e+17 0.8080808080808081
1.5432747119348022e+17 0.8333333333333334
1.4992700274422854e+17 0.8585858585858586
1.4568615886032963e+17 0.8838383838383839
1.415983039875543e+17 0.9090909090909091
1.3765709488991946e+17 0.9343434343434344
1.3385646794084357e+17 0.9595959595959596
1.3019062694201602e+17 0.9848484848484849
1.2665403144095454e+17 1.0101010101010102
1.2324138552257778e+17 1.0353535353535352
1.1994762705350624e+17 1.0606060606060606
1.1676791736042642e+17 1.0858585858585859
1.136976313258561e+17 1.1111111111111112
1.1073234788617842e+17 1.1363636363636362
1.0786784091796139e+17 1.1616161616161615
1.0510007049944638e+17 1.1868686868686869
1.024251745347326e+17 1.2121212121212122
9.98394607286715e+16 1.2373737373737375
9.733939890085006e+16 1.2626262626262625
9.492161362732496e+16 1.2878787878787878
9.25828771989996e+16 1.3131313131313131
9.032010288572501e+16 1.3383838383838385
8.813033849538074e+16 1.3636363636363635
8.601076021735418e+16 1.3888888888888888
8.39586667400019e+16 1.4141414141414141
8.19714736318448e+16 1.4393939393939394
8.004670797642797e+16 1.4646464646464645
7.8182003250966e+16 1.4898989898989898
7.63750944390946e+16 1.5151515151515151
7.462381336826445e+16 1.5404040404040404
7.292608426253706e+16 1.5656565656565655
7.1279919501778376e+16 1.5909090909090908
6.968341557849021e+16 1.6161616161616161
6.813474924377163e+16 1.6414141414141414
6.663217383416107e+16 1.6666666666666667
6.5174015771372e+16 1.6919191919191918
6.375867122720165e+16 1.7171717171717171
6.2384602946159304e+16 1.7424242424242424
6.105033721862832e+16 1.7676767676767677
5.975446099764259e+16 1.7929292929292928
5.849561915262293e+16 1.8181818181818181
5.727251185368036e+16 1.8434343434343434
5.608389208034996e+16 1.8686868686868687
5.492856324887252e+16 1.8939393939393938
5.380537695238794e+16 1.9191919191919191
5.27132308086457e+16 1.9444444444444444
5.165106641007277e+16 1.9696969696969697
5.06178673712674e+16 1.9949494949494948
4.9612657469208856e+16 2.0202020202020203
4.863449887168669e+16 2.0454545454545454
4.7682490449659864e+16 2.0707070707070705
4.675576616945611e+16 2.095959595959596
4.5853493560912984e+16 2.121212121212121
4.497487225774672e+16 2.1464646464646466
4.411913260661292e+16 2.1717171717171717
4.3285534341492104e+16 2.196969696969697
4.247336532019666e+16 2.2222222222222223
4.16819403199516e+16 2.2474747474747474
4.091059988915002e+16 2.2727272727272725
4.015870925252762e+16 2.297979797979798
3.942565726713589e+16 2.323232323232323
3.871085542662348e+16 2.3484848484848486
3.801373691145978e+16 2.3737373737373737
3.733375568285143e+16 2.398989898989899
3.667038561821622e+16 2.4242424242424243
3.6023119686184828e+16 2.4494949494949494
3.5391469159202956e+16 2.474747474747475
3.477496286190352e+16 2.5
