0.0 67.4
0.025252525252525252 69.22533682975921
0.050505050505050504 71.05389386845127
0.07575757575757576 72.88559930780036
0.10101010101010101 74.7203845943122
0.12626262626262627 76.55818421038775
0.15151515151515152 78.3989354747421
0.17676767676767677 80.2425783600386
0.20202020202020202 82.08905532591562
0.22727272727272727 83.93831116581003
0.25252525252525254 85.79029286617666
0.2777777777777778 87.64494947687032
0.30303030303030304 89.50223199160244
0.3282828282828283 91.36209323750808
0.35353535353535354 93.22448777296982
0.3787878787878788 95.08937179293761
0.40404040404040403 96.95670304106781
0.4292929292929293 98.82644072807608
0.45454545454545453 100.69854545576261
0.4797979797979798 102.5729791462237
0.5050505050505051 104.4497049758135
0.5303030303030303 106.3286873134621
0.5555555555555556 108.2098916629961
0.5808080808080808 110.09328460914043
0.6060606060606061 111.97883376691185
0.6313131313131313 113.86650773414094
0.6565656565656566 115.7562760468835
0.6818181818181818 117.6481091375044
0.7070707070707071 119.54197829523581
0.7323232323232323 121.4378556290291
0.7575757575757576 123.3357140325361
0.7828282828282828 125.23552715106794
0.8080808080808081 127.13726935039388
0.8333333333333334 129.04091568725366
0.8585858585858586 130.94644188146597
0.8838383838383839 132.85382428952718
0.9090909090909091 134.7630398796011
0.9343434343434344 136.6740662078093
0.9595959595959596 138.58688139573815
0.9848484848484849 140.5014641090854
1.0101010101010102 142.41779353737454
1.0353535353535352 144.3358493746711
1.0606060606060606 146.2556118012395
1.0858585858585859 148.17706146608316
1.1111111111111112 150.100179470316
1.1363636363636362 152.0249473513154
1.1616161616161615 153.95134706761183
1.1868686868686869 155.8793609844719
1.2121212121212122 157.80897186013632
1.2373737373737375 159.74016283267497
1.2626262626262625 161.67291740742522
1.2878787878787878 163.6072194449816
1.3131313131313131 165.543053149706
1.3383838383838385 167.48040305873144
1.3636363636363635 169.4192540314323
1.3888888888888888 171.35959123933694
1.4141414141414141 173.30140015645887
1.4393939393939394 175.24466655002638
1.4646464646464645 177.1893764715886
1.4898989898989898 179.13551624847997
1.5151515151515151 181.08307247562516
1.5404040404040404 183.03203200766706
1.5656565656565655 184.98238195140237
1.5909090909090908 186.93410965851024
1.6161616161616161 188.88720271855883
1.6414141414141414 190.84164895227775
1.6666666666666667 192.7974364050828
1.6919191919191918 194.7545533408421
1.7171717171717171 196.71298823587185
1.7424242424242424 198.67272977315156
1.7676767676767677 200.63376683674838
1.7929292929292928 202.59608850644162
1.8181818181818181 204.55968405253822
1.8434343434343434 206.52454293087072
1.8686868686868687 208.49065477796992
1.8939393939393938 210.45800940640467
1.9191919191919191 212.42659680028103
1.9444444444444444 214.39640711089493
1.9696969696969697 216.3674306525311
1.9949494949494948 218.3396578984027
2.0202020202020203 220.31307947672497
2.0454545454545454 222.28768616691838
2.0707070707070705 224.26346889593532
2.095959595959596 226.24041873470566
2.121212121212121 228.21852689469577
2.1464646464646466 230.19778472457773
2.1717171717171717 232.1781837070029
2.196969696969697 234.15971545547671
2.2222222222222223 236.14237171133084
2.2474747474747474 238.12614434078773
2.2727272727272725 240.1110253321158
2.297979797979798 242.09700679287033
2.323232323232323 244.08408094721747
2.3484848484848486 246.07224013333854
2.3737373737373737 248.06147680091038
2.398989898989899 250.05178350866095
2.4242424242424243 252.04315292199541
2.4494949494949494 254.03557781069148
2.474747474747475 256.02905104666075
2.5 258.0235656017744
