0.0 67.3
0.025252525252525252 68.11848304269773
0.050505050505050504 68.96783430686062
0.07575757575757576 69.84791450498201
0.10101010101010101 70.75855112325875
0.12626262626262627 71.6995411976649
0.15151515151515152 72.67065407197175
0.17676767676767677 73.67163411255969
0.20202020202020202 74.70220335793404
0.22727272727272727 75.76206408400188
0.25252525252525254 76.85090126930281
0.2777777777777778 77.96838494743704
0.30303030303030304 79.11417243683738
0.3282828282828283 80.28791044074005
0.35353535353535354 81.48923701268853
0.3787878787878788 82.71778338513172
0.40404040404040403 83.97317566064214
0.4292929292929293 85.25503636697968
0.45454545454545453 86.56298587866469
0.4797979797979798 87.89664370891599
0.5050505050505051 89.25562967676669
0.5303030303030303 90.63956495491533
0.5555555555555556 92.04807300442069
0.5808080808080808 93.48078040272813
0.6060606060606061 94.93731757174575
0.6313131313131313 96.4173194127895
0.6565656565656566 97.92042585520969
0.6818181818181818 99.4462823254151
0.7070707070707071 100.99454014284117
0.7323232323232323 102.56485684918309
0.7575757575757576 104.15689647694477
0.7828282828282828 105.77032976305358
0.8080808080808081 107.4048343129683
0.8333333333333334 109.06009472037272
0.8585858585858586 110.73580264720617
0.8838383838383839 112.43165686844424
0.9090909090909091 114.14736328570577
0.9343434343434344 115.88263491343872
0.9595959595959596 117.63719184112367
0.9848484848484849 119.41076117463344
1.0101010101010102 121.20307695960445
1.0353535353535352 123.01388008940744
1.0606060606060606 124.84291820005544
1.0858585858585859 126.68994555415235
1.1111111111111112 128.55472291577084
1.1363636363636362 130.43701741794675
1.1616161616161615 132.33660242429494
1.1868686868686869 134.25325738608183
1.2121212121212122 136.18676769593682
1.2373737373737375 138.13692453924455
1.2626262626262625 140.10352474413185
1.2878787878787878 142.08637063085044
1.3131313131313131 144.08526986124866
1.3383838383838385 146.10003528893614
1.3636363636363635 148.1304848106574
1.3888888888888888 150.17644121931835
1.4141414141414141 152.23773205903888
1.4393939393939394 154.31418948254836
1.4646464646464645 156.40565011118423
1.4898989898989898 158.5119548977086
1.5151515151515151 160.6329489921147
1.5404040404040404 162.7684816105593
1.5656565656565655 164.91840590752324
1.5909090909090908 167.0825788512752
1.6161616161616161 169.26086110268795
1.6414141414141414 171.45311689743505
1.6666666666666667 173.6592139315773
1.6919191919191918 175.87902325053224
1.7171717171717171 178.11241914140558
1.7424242424242424 180.3592790286522
1.7676767676767677 182.61948337302385
1.7929292929292928 184.89291557375284
1.8181818181818181 187.17946187391382
1.8434343434343434 189.4790112688995
1.8686868686868687 191.79145541794267
1.8939393939393938 194.11668855861214
1.9191919191919191 196.45460742420832
1.9444444444444444 198.80511116398102
1.9696969696969697 201.16810126609226
1.9949494949494948 203.54348148324473
2.0202020202020203 205.93115776089593
2.0454545454545454 208.33103816797967
2.0707070707070705 210.74303283005582
2.095959595959596 213.16705386481019
2.121212121212121 215.60301531982628
2.1464646464646466 218.05083311255555
2.1717171717171717 220.51042497240846
2.196969696969697 222.98171038489593
2.2222222222222223 225.46461053774777
2.2474747474747474 227.9590482689392
2.2727272727272725 230.46494801655842
2.297979797979798 232.98223577044647
2.323232323232323 235.51083902554836
2.3484848484848486 238.05068673691122
2.3737373737373737 240.6017092762687
2.398989898989899 243.163838390155
2.4242424242424243 245.7370071594905
2.4494949494949494 248.32114996058354
2.474747474747475 250.91620242749832
2.5 253.52210141573454
